
--------------------------------------------------------------------------------
        GSM-TIP 2012_beta
--------------------------------------------------------------------------------
   god den mes   uth utm  tkh tkm   tau(min)   dts     dtt
  2009  01  01    00  00   24  00    001.0     001.0   001.0
   ns  uprs uprt
    1     3    3
        mass...+...5...+...+...+...+..10...+...+...+...+..15...+...+...+...+..20
   0   1   1   1   1   1   1   1   1  30   3   2   1  00   1   1  86   1  00   2
   1   0   0   0   0   0   0   0   0   0
        mast...+...5...+...+...+...+..10...+...+...+...+..15...+...+...+...+..20
   1   1   1   1   1   0   1   1   1   1   1   1   1   6  18   8   3   0   0   6
  18  10   0   1   6   3   1   0   0  14   0   0   0  12  12  24   0  12  12  24
        mas
   0   0   0  15  12   2   0   2   0  00
  fa0   fs
   78   78
        sole
    1.0    60.0    0.135      60.0   120.0    0.49      120.0   165.0    0.27
  165.0   180.0    1.30      180.0   205.0    1.85      205.0   280.0    4.56
  280.0   310.0    8.27      310.0   460.0    1.64      460.0   630.0    5.89
  630.0   800.0    2.24      800.0   911.0   11.02      911.0  1037.0    5.20
  911.0   911.0    4.84     1026.0  1026.0    4.4      1216.0  1216.0  500.0
        solet
      0.141   0.406   0.732   0.073   0.046   0.155   0.010
      0.098   0.212   0.259   0.089   0.000   0.000   0.000
      0.0
          solen
   0.0        0.0        0.0        0.0        0.0        0.0        0.010
   0.0        0.010      0.0        0.0        0.0        0.015      0.045
   5.0
         soluF10.7=115
 1210.0  1220.0  312.0        5.080    1220.0  1250.0    6.48000    0.104
 1250.0  1270.0    3.2        0.050    1270.0  1310.0   11.50000    0.175
 1310.0  1350.0   13.9        0.206    1350.0  1380.0    5.80000    0.084
 1380.0  1500.0   48.9        0.669    1500.0  1550.0   48.30000    0.625
 1550.0  1630.0  110.0        1.370    1630.0  1670.0  109.00000    1.310
 1670.0  1720.0  271.0        3.160    1720.0  1760.0  357.00000    4.060
    bmpy    bmpz    bmod    vsol    csol
    0.00    4.00    3.56  398.20   10.00
   ap0   kp0  dst0          ae0  al0   au0
   11.    1.    0.           0.  -25.   25.
 ntr    gamma  ddolgt dtett   rmaxt   b    c
  16   1.1000     5.    5.    14.90  175  95
  nh   dh   rmin  ddolgs  dtets          dlam   nsill  dteta
  30   3.    80.     5.     5.             5.       1     5. <---     anals2
 tet1  tet2  tet3   eps0    om    fac1    fac2    fac3    pdpc
  015   020   010  500-02  0090  320-13  900-13  100-12  380+01
kpA, nTIME число параметров задаваемых на нижней границе и число моментов времени для PRIL
  5    24
